 103626 027407 173157 156622 153044 150252 117456 036732
 167405 106724 032672 100740 160447 041454 075106 141753
 067524 142437 062245 001110 146360 127261 053474 100125
 046336 110125 141754 016635 041742 036342 170560 114370
 024324 164152 156673 101273 161252 136212 077367 036475
 011357 017604 077204 111055 150604 103167 147107 057167
 166332 020320 051223 074170 116567 067370 013572 024010
 052424 133445 126526 155715 124051 136155 012006 060074
 025754 056206 073263 002460 071610 071743 041061 172572
 062100 011655 065760 166757 064233 143257 061313 114710
 010156 141232 166263 071312 056163 035251 064436 114754
 064364 040260 032132 167221 101365 171100 157334 066350
 013716 172241 002100 015614 003673 014313 055261 152473
 167404 063673 154117 036637 056047 130571 023610 133107
 064556 166675 011312 175045 012474 175031 156457 145273
 166556 051230 155675 126254 174550 033145 057320 111730
 066346 172336 171516 146527 077304 127356 107441 110525
 000360 030371 156444 006257 107222 175327 004143 174423
 176027 036003 016643 153475 131034 142720
